0704.0304
0705.0734
0706.0585
0707.0808
0707.3781
0708.1150
0708.1964
0709.0116
0709.1190
0709.3974
0710.0009
0710.3561
0711.4902
0712.0171
0712.0836
0712.1345
0712.1365
0801.0341
0802.2429
0802.3235
0802.3597
0802.3950
0802.4010
0803.3363
0803.4074
0803.4355
0804.0558
0804.1244
0804.2036
0804.3361
0805.2027
0805.3521
0805.3799
0806.1636
0807.0908
0807.1494
0807.5091
0808.2984
0808.3231
0809.3204
0810.3136
0810.3828
0811.1885
0812.0743
0812.1014
0812.2388
0812.2969
0812.4235
0812.4446
0901.2130
0901.3574
0901.3769
0902.0043
0902.1629
0902.1647
0902.2969
0902.3294
0902.3635
0902.3749
0903.0460
0903.0471
0903.1095
0903.1136
0903.1150
0903.4132
0903.5188
0904.0570
0904.0643
0904.3469
0904.3612
0904.4717
0905.0266
0905.3108
0905.3582
0905.3830
0905.3885
0906.2154
0906.2228
0906.3461
0906.3815
0906.3926
0907.4385
0908.3162
0908.3212
0908.3394
0909.0138
0909.1186
0909.1830
0909.5097
0910.1238
0910.1239
0910.1244
0910.1247
0910.1253
0910.1255
0910.1264
0910.1266
0910.1800
0911.1582
0911.1708
0911.2390
0911.4727
0912.3747
0912.4649
1001.0827
1001.0830
1001.1122
1001.3745
1001.4405
1001.5244
1002.2897
1002.3239
1002.4014
1002.4286
1003.0146
1003.0358
1003.0617
1003.0746
1003.5899
1003.5956
1004.4342
1005.0104
1005.1567
1005.2303
1005.4592
1005.5448
1006.1030
1006.1407
1006.1434
1006.1681
1006.2289
1006.2322
1006.3035
1007.1024
1007.3159
1007.3223
1007.3700
1007.3858
1007.4040
1007.5180
1008.0660
1008.3829
1008.3879
1008.4071
1008.4831
1008.5133
1009.1174
1010.3425
1011.0950
1011.2173
1011.6293
1012.0065
1012.0930
1012.1255
1012.2148
1012.3018
1012.3320
1101.4573
1102.1027
1102.1889
1102.3868
1103.1252
1103.1542
1103.1711
1103.1791
1103.3240
1103.3949
1103.4558
1103.5078
1104.3904
1104.4024
1104.4290
1105.0288
1105.0650
1105.1386
1105.1853
1105.2943
1105.3635
1105.4394
1105.5440
1105.5441
1105.5442
1105.5443
1105.5444
1105.5446
1105.5447
1105.5448
1105.5449
1105.5450
1105.5451
1105.5452
1105.5453
1105.5454
1105.5455
1105.5457
1105.5458
1105.5463
1105.5464
1105.5465
1105.5466
